[2,1,2,2,-12,4,-4,5] K1 A+
[-4,5,-3,5,-4,5,-3,5,-3,5,-4,6,-4,6,-4,5,-3,5,-3,4,-3,5,-3,5] K1 Bo
[1,2,-2,-1,1,-4,-13] K1 Co
[-4,-3,-4,9,-3,-4,4,5] K1 Do
[-5,8,-1,-2,-1] K3 A+
[3,3,3,3,3,3,3,3] K3 Bo
[4,1,2,-10,7,1,2,-14,11,1,2] K3 Co
[-2,-2,-1,-2,-5,-2,-2,-1,-2] K3 D+
[12,-3,1,2,-2,2,-12,5] K3 Eo
[2,-3,1] K8 Ao
[2,1,-3,-7] K8 Bo
[-2,0,2,-4,-1,-2] K8 Co
[-1,10,-2,-5,-2,9,-2] K16 Ao
[1,-1,5,-1,4,-1,5,-1,6,-1,4,-1,5] K16 B+
[8,-5,9,-4,7,-3] K16 Co
[2,2,1,2,2,-2,2,2,-2,2] K16 D+
[-5,-3,-4,-2,14,-3,-4,-5] K16 Eo
[1,-6,1,-2] K16 F1
[-9,-1,3,2,-9,4] K16 F2
[-3,-4,4,-8,5,-8,9,-1] K31 A+
[5,3,-3,-5,1,4,2,3,-3,-2,-1] K31 Bo
[-8,-2,2,10,-8,-1,1] K31 Co
[1,8,-8,2,-3] K33 Ao
[12,-1,1,-12,12] K33 B+
[-5,-3,3,-7,5,-1,-2,2,8,-10,9,1] K33 Co
[-4,0,-3,0,-3,0,-4,0,-3,0,-4] K33 Do
[-7,1,-4,1,9] K34 A+
[-3,2,-7,1] K34 B+
[-1,-3,-1,-2,-2,-2,-1] K34 C+
[1,2,2,2,1,3,1] K34 C+
[12,-2,2,-4,2,2,-4,-3] K35 Ao
[2,-2,-5,7,1,-1,-7,8,2,-2,-8] K35 Bo
[-5,-4,-3,-5,7,1] K36 Ao
[-2,-2,-1,4,-2,3,-1,-4,2,-3,1] K36 Bo
[5,-7,6,-4,5,-4,6,-7,5,-7,6] K36 C+
[-1,1,2,2,-4,-1,-1,0,1,0,1,2] K37 Ao
[-8,1,-7,-2,9,-10,8] K37 B+
[-1,1,2,1,-1,-2,-2,-2,-1,-2,3,-1,-2,-2,-1,1,-3] K37 C+
[-4,-3,-5,-4,-3,15,-1] K37 Do
[-4,7,-3,8,-5,5] K38 Ao
[-3,-1,7,-2,-1,7,-2,-1] K38 Bo
[8,-12,1,9,-12,2,8,-12] K38 C+
[-2,-2,-1,-2,-2,-1,8] K38 Do
[2,2,1,2,2,1,2,2,-4,-3] K38 Eo
[7,-7,-1,1,8,-8,-1,1] K40 Ao
[10,-2,-1,1,-9,-2] K40 Bo
[-3,12,2,1,2,-2,-1,-2,-1] K41 Ao
[-7,-1,1,12,-3,-2,5,-7,-1] K42 Ao
[1,2,-12,10,-1,-2] K45 Ao
[5,2,-9,-1] K45 Bo
[2,1,-3,-2,-1,5,1,2,-3,-2,-2,2,2,1,-3,-2,-1,1] K45 C+
[-9,7,-2,-5,4] K45 D+
[-2,-2,-1,-2,-2,2,-2,-1,-2,-2,-1] K45 Eo
[-1,-2,-2,-2,-1,13,-1,-2,-2,-1,-2] K45 F+
[-5,-4,-3,2,9,1] K54 A+
[1,-2,-2,-1,-1,3,1,-2,-1,-2,-1] K54 B1
[1,-1,-2,-2,-1,4,1,-2,-2,-1,-2] K54 B2
[1,-2,-2,-1,-1,3,1,-1,-2,-1,1] K54 B3
[1,2,-2,-1,1,-1] K54 B4
[2,1,-1,2,1,-2,2,2,-2,2,1,-1,-2,-2,-1,-2,2] K54 C+
[-3,-4,7,1,2,-2,-1,-2] K54 Do
[-3,-3,6,-2,-1,1,-1,-2] K54 Eo
[12,-5,-3,-4,4,1] K54 Fo
[-7,-1,1,9,-9,0,-1,1,5] K66 Ao
[-4,10,-12,5] K66 Bo
[4,-7,3,-6,3,-7,7] K66 Co
[-4,4,3,5,-5,5,4] K66 D+
[-2,2,1,-1,1,4,-2,-2] K124 Ao
[2,1,-1,1,2,-8,1,2,-7,9,-4,-3,8,-3,-2] K124 Bo
[-5,-3,-4,-5] K132 A1
[4,3,5,3] K132 A2
[-3,0,-4,0,-5,0,5] K132 Bo
[12,-10,9,-7,9,-15,9,-7,8,7,9] K132 C+
[-4,-2,6,-5,-3,8,-7] K132 D+
[4,3,5,4] K132 Eo
[-5,9,-4,0,-5,9,-4,0] K132 F+
[-2,-1,-2,-1,1,2,1,-3] K132 Go
[-2,3,3,1,2,3,3] K132 H1
[-2,-2,-2,-1,-2,-1,1] K132 H2
[-1,5,-1,4,-1,3,-2,4,-2,3,-1] K132 Io
[-1,-2,8,-8] K132 Jo
[-4,-1,-2,-2,-1,1,2,0] K132 Ko
[-3,-4,-5,-3,-4,-5] K135 Ao
[-1,-2,-2,2,-2,-1,1,-5,-3,-4,5,-3] K135 Bo
[-2,-2,7,-3,-4,1,1,5] K135 Co
[-8,1,5,-8,1,5,-8,1] K135 D+
[4,1,-7,9,-2] K135 Eo
[1,-1,-2,-1,1,-7,-2,-1,-2] K135 F1
[5,-2,-2,-1,-2,2,-2,-1,1] K135 F2
[-2,-1,3,1,-1,-2,2,-7] K135 F3
[-1,-2,-2,-2,-1,-2,2,-4,4,3,5] K135 G1
[12,4,-21,12,4] K135 G2
[1,2,-3,-2,-2,2,2,1,-3,-2,-1] K135 H1
[-8,1,2] K135 H2
[2,-4,6,1,-5,12,2,-4,6] K135 I1
[-8,-4,2,-2,-1,1,-8,-4,2,-2,-1,1] K135 I2
[-8,1,5,-8,1] K135 J+
[2,2,1,-6,-2] K135 K1
[-1,8,1,-6,-2] K135 K2
[-2,-1,-2,-2,4,-2,-2,-1,-2,-2,-2] K135 L+
[12,-1,-2,-2,5,-5] K180 A+
[-1,-7,-2,7,-2,-8,-2,10,-1,-2,-2,-2,-1,-2,2] K180 Bo
[1,1,1,1,1,2,1,2,-2,-1,-2,-2,-2,-1,-2,-2] K180 Co
[-4,-1,1,2] K180 Do
[-2,-2,-1,2,-5,12,-2,-1,-2,-2,-1,1] K180 Eo
[-4,-5,5,5,-8,2,3] K180 F+
[-4,-5,10,-3,-7] K215 Ao
[-4,7,-2,-3,8] K215 B+
[-4,-5,5,-5,-3] K215 Co
[-4,4,4,1,-5] K215 Do
[7,-4,-3,-1,1,2,1] K247 A+
[2,9,1,-8,1,9,2] K247 B1+
[2,9,1,-5,1] K247 B2+
[2,-6,-1,5,-7,6,1,-4,1,7,1] K247 B3
[12,-2,-2,-1,-2,-1,1] K247 C1
[12,-2,-2,-1,-2,-1,1,2,1,2,2,2,1,-5,-3,-4,12] K247 C2
[-3,1,-1,1] K247 Do
[-5,5,4,3,-7,4,3,5,-8,3,5] K247 E1+
[-4,-5,-3,-4,-5,-3,3,-7] K247 E2+
[-1,1,9,-2] K247 F+
[-4,2,3,-8,2,1] K260 Ao
[-2,-7,-2,-1,-2] K260 Bo
[9,2,2,2,1] K260 C1
[-5,-3,1,2,-7] K260 C2+
[10,-3,3,-10,10] K260 D+
[1,2,-9,-2,-1] K260 Eo
[1,1,2,1,-12] K260 F+
[-3,12,-12,9,-9] K260 Go
[-9,11,-8,10,-8,7] K260 H+
[2,2,-4,2,-7,-7] K298 Ao
[-2,0,-2,0,-1,0,-2,0,-2,0,-2,0] K298 B+
[0,0,0,3,0,0,0,0,0,0,2,0,0,0] K298 Co
[8,-3,-4,-1,-4,2,-3] K298 Do
[0,4,0,3,0,5,0] K298 E1
[0,-3,0,-4,0,-5,0] K298 E2
[2,2,2,1,2,2,1] K298 F+
[-8,-4,4,5,-9,-3,3,2,-9,-3,3] K298 Go
[0,0,0,0] K298 H+
[16,-17,15,-17,15] K299 Ao
[-4,-4,1] K299 B+
[2,-2,0,0,4,-4,-1,1,-5] K366 Ao
[9,-7,8,-6,3] K366 Bo
[-1,1,7,-3,-4,4] K366 Co
[-3,0,0,1,-3,0,0] K366 Do
[-1,1,-5,12,-2] K428 Ao
[-2,5,-2,7,-1,4] K428 Bo
[2,2,-2,-2,-1,-2,-2,-2,-1,-2,-2,-1,1] K458 Ao
[-2,2,5,-3,-2,2,3] K458 Bo
[-4,7,-3,6,-3,9,-6,-9,-1,-2] K458 Co
[4,-1,3,-9,-3,1] K462 Ao
[1,2,1,-10,2,-12,5] K462 Bo
[-1,1,1,-1] K462 Co
[-5,-7,-5,12,-5,-7,-7] K463 A+
[-7,-5,1,4,-4,-3] K463 Bo
[12,2,-12,5] K463 Co
[2,-3,1,-12,2,-3,1,2,2,-12,5] K463 Do
[-5,1,8,-2,-3,-1,1] K463 Eo
[-1,-2,-2,-5,-7] K475 Ao
[3,-3,-4,2,3,-3,-3] K475 Bo
[-1,1,1,-2,2,1,-1,1,2,-2,2] K475 Co
[12,2,-5,1] K475 Do
[1,1,1,2,1,-5,2,-4,-1,-2,-2,-1] K475 Eo
[-10,0,10] K475 F+
[4,3,-2,-1,-2,-2,-1,-2,-2,2,2] K475 Go
[-2,2,-2,-2,2,-2,-1,1,-1,-2,2] K475 Ho
[9,-2,-2,-5,10,-1,-2] K475 Io
[-4,1,-4,-1,-2,-2,-1] K475 Jo
[5,-2,-2,-1] K481 A1
[1,-1,0,1] K481 A2
[-1,5,-7,0,-1,1,-1,0,2] K481 Bo
[3,-2,-1,8] K481 Co
[-4,-3,-2,0,-1] K481 D1
[-1,0,1,0,2,2,1,-3,-3,-2,0,-1,0,1] K481 D2
[2,3,-12] K481 Eo
[-3,-3,-3,-3,-3,-3,-3,-3,-3,-3,-4] K481 Fo
[8,1,-4,-3,-3,-2,-1] K481 Go
[1,2,-6,-1,-2,-2,-1] K481 Ho
[-5,3,-2,-6,3,-2,-1] K481 Io
[-5,10] K482 A1
[-2,-5,2] K482 A2
[2,3,-1,3,-2] K482 Bo
[1,-5,-3,4,1,-4,-3] K482 Co
[7,-9,-1,5,-7] K482 Do
[1,2,2,-10,1,2,2] K482 Eo
[2,-7,10,-3,2,-4,12,-12] K482 Fo
[4,1,-7,2,-12,-7] K482 Go
[-2,-3,1,1,-2,-3] K482 Ho
[4,-2,2,-4,4] K483 A1
[3,-6,3,-7,4] K483 A2
[3,-6,3,-7,7] K483 A3
[4,-7,8,-6,3] K483 A4
[3,-5,5,-7,7] K483 A5
[12,-1,1,-7,7] K483 A6
[1,-4,1,1,-4] K483 B1
[7,2,-10,7,1,-7,2,-12,-7] K483 B2
[4,-4,-3,1,1] K483 Co
[2,2,1,2,2,2,1,2,2,1,2,2,2,1,2,2,1,2] K490 Ao
[-3,6,-3,-1,-2,-2] K490 Bo
[-8,3,-7,4,-9,5] K490 Co
